4
1 2 3 1 

-0.320031 
1.50463 

1.66142 -1.69823 
1.86335 -1.75548 
0.130588 1.5439 

-0.31082 -1.38236 -1.3625 

-0.899603 
-0.666104 

1.04966 
-0.479449 
-0.815943 

-0.0170555 

1 200
4.64703 5.35873 3.14061 4.76949 2.90656 5.05516 0.152555 3.48857 4.07122 0.645793 5.45932 1.15063 4.88837 5.33082 2.11072 5.18732 5.75987 4.69634 1.14831 2.21388 1.65298 0.633169 5.23119 5.23805 4.46028 4.37158 4.44798 2.61563 4.96169 0.223752 4.43215 1.37954 4.4167 3.04948 4.76245 3.21543 0.94868 0.18655 4.32022 3.8355 0.848142 2.53586 0.0825482 4.13256 5.74193 0.155306 4.17043 5.22568 4.34763 3.35379 4.0472 1.85434 5.52035 2.88977 5.61741 1.94868 5.91844 5.29666 1.95399 3.1225 3.32705 2.21693 3.05447 3.97611 2.05498 3.82188 1.79176 4.91444 2.62233 3.27381 0.447699 5.84582 0.2056 1.3126 2.48728 1.43725 3.46389 2.44187 2.21127 2.38069 0.733941 0.537553 3.73175 3.54918 0.538532 5.53909 4.7272 0.26405 0.205989 4.44671 2.60553 1.14364 0.537577 0.408939 1.54022 2.38947 2.71924 4.69871 4.6936 2.27284 5.00516 4.003 0.0423218 4.14007 5.36285 0.609189 5.19713 5.17471 2.31342 3.53477 0.595883 0.640498 5.55619 2.43924 3.59199 3.60088 1.74856 0.0975538 2.59741 5.93116 0.755021 1.27322 4.76043 4.49507 0.423634 0.120808 0.413361 1.97297 1.79778 3.68829 0.497865 4.56131 0.902483 1.06712 1.58616 0.359202 2.84606 0.55386 2.98032 0.815847 5.84273 5.52058 4.31608 5.36363 4.89952 0.236806 1.36366 1.98809 5.88123 0.974961 5.98237 4.25608 0.885028 0.81473 4.40248 2.23154 5.1002 2.20296 5.24646 1.16813 4.92703 3.61502 2.29478 2.26778 2.62524 2.36272 3.17881 0.0051363 0.971326 3.01295 4.53114 0.0770056 5.09514 0.878514 0.0985968 3.29273 2.55632 0.281846 0.60718 1.65927 5.63778 3.08117 2.27268 2.73143 0.622979 4.6871 4.09772 5.20208 4.86952 1.79844 4.8532 3.53061 0.476196 0.635472 5.05029 2.47698 4.44995 3.37971 4.40585 5.59739 


1 200
2.52529 5.39969 4.17123 4.65215 0.356606 5.88984 4.6034 1.96376 4.00927 5.22704 3.71341 4.45638 2.23964 3.81551 5.86877 5.93374 0.931652 4.234 5.21249 4.4819 0.973528 2.6138 5.45502 0.149803 4.74812 2.03447 2.91309 2.40994 3.81539 3.41425 3.18865 3.101 0.33197 5.90002 3.44523 0.147582 5.94623 3.54767 5.44367 4.73273 0.228735 3.5593 1.22296 0.278414 5.33887 1.83088 0.624781 5.78499 2.01584 0.359194 3.31453 4.45775 2.21247 1.7462 5.84997 5.7881 5.7427 1.4361 5.44348 1.96614 5.1537 3.88817 5.2761 2.41196 0.0129727 5.70559 2.09318 0.81075 2.03916 1.17339 4.03998 1.96558 1.13125 5.23437 1.56912 3.07756 1.37772 1.18545 4.96689 5.96673 4.79647 2.53808 1.7773 4.29985 0.42286 3.86361 3.89887 0.844278 1.63235 3.68207 0.0873253 0.377694 2.73738 1.69261 4.17687 2.94185 0.667847 3.48338 3.83153 0.741161 5.25845 4.18628 4.551 2.67302 2.57051 3.0513 1.46413 1.94659 1.46111 2.92538 3.57921 2.86857 5.00265 3.04376 3.2475 4.65019 5.73833 4.60874 0.135282 4.12146 0.375619 1.112 5.17614 1.55122 3.04597 1.28459 5.54801 4.45905 0.327938 0.376577 5.26224 3.5834 2.21223 5.72955 5.36419 5.23661 3.90161 4.29509 5.87685 2.05961 3.16465 4.36945 1.5831 1.04996 1.17198 2.17108 5.61581 2.04905 0.83096 5.93936 2.43428 1.56861 2.97073 3.4281 0.556088 4.45136 3.21382 0.375546 1.08622 5.97044 3.04807 1.2105 4.1538 5.59937 5.50409 5.11515 0.192122 1.27378 0.946209 0.365133 5.55778 3.4761 0.512728 5.36908 1.14434 5.89754 0.221651 5.39092 4.49895 2.7518 3.51585 5.53374 3.43213 2.75505 0.670163 3.60152 4.57813 3.39374 0.652819 1.10513 3.62029 3.58828 1.74107 0.449685 3.37217 4.30824 0.228996 4.61466 5.64365 2.1402 

